0.079725653
0.071218647
0.064855013
0.039123454
0.053324805
0.057485155
0.054294782
0.081054789
0.107388825
0.040940493
0.057766654
0.059469197
0.079979564
0.069211389
0.043364638
0.089280034
0.067382749
0.058599033
0.097658545
0.034602617
0.051181893
0.054746642
0.071780452
0.072086553
0.091637926
0.05937033
0.072433028
0.047244161
0.036935933
0.048259192
0.063594275
0.073310439
0.074436516
0.075952233
0.090462855
0.068977774
0.051733294
0.052840663
0.041850578
0.071231357
0.070484399
0.049468334
0.059628423
0.065768767
0.05954692
0.05462742
0.113017711
0.023979707
0.03941608
0.031390435
0.050718984
0.037626229
0.061137109
0.049646068
0.062201003
0.055881206
0.05530973
0.063954445
0.098072042
0.0589734
0.079427603
0.082606293
0.049183532
0.061052299
0.069274437
0.084711565
0.090247615
0.055626757
0.074070007
0.045155072
0.09380716
0.065624546
0.061713209
0.025321852
0.070562115
0.081592413
0.045886571
0.066711627
0.090624544
0.06417206
0.0756056
0.049854111
0.075068329
0.080669786
0.063853223
0.038994932
0.066819339
0.078562655
0.052238361
0.040432237
0.03604192
0.077038294
0.073038212
0.066970069
0.071412127
0.037940844
0.07194131
0.076243011
0.036567535
0.04564334
0.059247395
0.043635538
0.0746118
0.063700481
0.055955322
0.038291599
0.034875477
0.040963646
0.075539868
0.062739118
0.075788391
0.076822543
0.083340898
0.067585687
0.059887353
0.065669895
0.054211296
0.072984627
0.041179994
0.052062621
0.075870535
0.032071717
0.069541447
0.059412875
0.041891789
0.043484991
0.038407823
0.048666107
0.080133811
0.090640567
0.046677942
0.013582901
0.060907807
0.057511908
0.053269074
0.028236485
0.041556411
0.034784531
0.069291092
0.058348356
0.084221943
0.058309681
0.077268727
0.037016635
0.05955424
0.054400324
0.065093467
0.014032184
0.051577785
0.064500637
0.019745876
0.090383973
0.084008926
0.039737279
0.059092317
0.047846251
0.053499003
0.09384957
0.054907421
0.035511869
0.067567944
0.070015851
0.047646353
0.05910749
0.042495561
0.073541648
0.110320286
0.080118335
0.047128279
0.094759073
0.078940636
0.075467339
0.045709257
0.052458945
0.038923117
0.031966893
0.0534131
0.068550737
0.095376131
0.056806833
0.037610447
0.044705105
0.087013681
0.0880356
0.072834885
0.075082336
0.032861918
0.068370622
0.092535609
0.040366031
0.043831676
0.06232335
0.048376769
0.081195855
0.072304861
0.076710036
0.042996386
0.070729546
0.070842893
0.038471773
0.055355576
0.058203862
0.053019129
0.044301965
0.088432618
0.06245753
0.066235245
0.043191114
0.056517931
0.031323247
0.074893483
0.04556812
0.100632989
0.068707899
0.043042897
0.093320798
0.055623218
0.075401306
0.062980795
0.059420816
0.033661355
0.062548903
0.072024417
0.048496897
0.054695875
0.095498041
0.00974601
0.050257739
0.058856044
0.032611492
0.027376665
0.076649271
0.039949449
0.047396893
0.031761156
0.028115575
0.051841449
0.049947219
0.093400262
0.070551365
0.087562758
0.052288015
0.044210056
0.071046424
0.076713817
0.112667119
0.039883924
0.043534443
0.056416002
0.092195493
0.036453671
0.070085615
0.078605313
0.053202949
0.047865671
0.041415607
0.071547641
0.019379565
0.09453585
0.098853331
0.104017313
0.049628419
0.097152643
0.05450264
0.040990844
0.066353521
0.057491255
0.070783556
0.088028848
0.060959181
0.102903286
0.052842709
0.02901203
0.03941919
0.05736382
0.086370462
0.105196541
0.086280965
0.029277372
0.087585042
0.067505863
0.063950274
0.026448642
0.074947357
0.031295575
0.032497624
0.112918058
0.083761669
0.062245923
0.071298267
0.085233195
0.087811006
0.025765249
0.040088065
0.048021575
0.074809792
0.051369861
0.0921612
0.083375646
0.07016165
0.076860122
0.047468684
0.052154658
0.051767799
0.063718057
0.063728333
0.073858346
0.064466501
0.011916343
0.048829506
0.060739278
0.052129466
0.043351107
0.072989321
0.068366062
0.052132984
0.04970511
0.050507511
0.067361895
0.038581211
0.070925119
0.041917602
0.056976519
0.077355482
0.08711996
0.021488595
0.044160774
0.087362305
0.107256504
0.026129144
0.064759765
0.06261699
0.090199202
0.05532392
0.059042595
0.057600732
0.036057335
0.077755055
0.078361022
0.065318756
0.087004055
0.085889404
0.062655463
0.072883385
0.071881968
0.082496497
0.062601533
0.04402752
0.099590777
0.071588158
0.0686486
0.089636384
0.042403112
0.06537332
0.078162907
0.045685112
0.067317581
0.068984561
0.064103354
0.059360752
0.097625349
0.048588071
0.070500362
0.046216268
0.044250509
0.070702852
0.038766221
0.044648974
0.054990849
0.093902597
0.075348081
0.069221054
0.088581603
0.062974552
0.069613816
0.07969412
0.052307368
0.030136066
0.05268027
0.084697096
0.035492525
0.059371256
0.086428026
0.088597092
0.048068229
0.033336498
0.093941504
0.070745485
0.093131547
0.071412808
0.055544037
0.043789302
0.059553522
0.013914484
0.050999551
0.050691354
0.07594539
0.05250582
0.081914272
0.098775803
0.061441299
0.052758927
0.078514987
0.098020999
0.059065498
0.05711395
0.026818076
0.072743534
0.054575359
0.062253987
0.06276577
0.060847224
0.049553766
0.059380682
0.089649953
0.03041365
0.056559224
0.044096733
0.047135911
0.06318403
0.057942939
0.066172556
0.072677027
0.059415795
0.040160413
0.037925528
0.085946632
0.068608087
0.031158466
0.055376249
0.036473037
0.06659204
0.080356072
0.089007597
0.04092469
0.038541747
0.05686106
0.059652502
0.050106758
0.066492035
0.081083255
0.06542313
0.093591818
0.066715856
0.100719226
0.052375605
0.036104206
0.067050771
0.058962346
0.097555326
0.092959151
0.071266198
0.076117466
0.038224363
0.040366797
0.055912585
0.031744323
0.079178995
0.060533098
0.065218779
0.05227785
0.074625531
0.089720205
0.060831018
0.070770138
0.057416187
0.095075435
0.082342129
0.054271683
0.039779896
0.069204952
0.057551772
0.077374256
0.053570533
0.084018069
0.053102034
0.055901882
0.08550532
0.042524426
0.013816733
0.084203407
0.067686797
0.092229819
0.058972159
0.073387632
0.088676721
0.057677163
0.046513456
0.03158959
0.037639804
0.059623688
0.052366329
0.050153001
0.054452374
0.094800331
0.049560401
0.052373052
0.047351976
0.057745404
0.061092153
0.04772947
0.074704687
0.058869798
0.037411955
0.061770348
0.059873666
0.043833477
0.064209378
0.096797913
0.086148396
0.080551234
0.094153992
0.080294668
0.060928419
0.068082405
0.081454733
0.043741269
0.086643421
0.062699165
0.086997109
0.042904947
0.069850773
0.050035259
0.065194572
0.083615462
0.026595537
0.055145575
0.044613081
0.058312
0.05102522
0.036055699
0.049764423
0.060060796
0.034860365
0.079946912
0.039908874
0.038448143
0.026739466
0.067710847
0.084436965
0.029158041
0.084228679
0.066717872
0.070060511
0.035075004
0.119126057
0.039816747
0.044768561
0.069836263
0.065054271
0.057284323
0.05020251
0.061368076
0.098335345
0.074419545
0.037884345
0.04559145
0.074164509
0.02387119
0.090869897
0.060339661
0.051195842
0.045629972
0.047940208
0.054175129
0.083249946
0.038110707
0.046771212
0.106943412
0.065462266
0.047719838
0.027732104
0.066982561
0.082102143
0.067391031
0.086406055
0.055363764
0.070259874
0.042359536
0.030412331
0.064107078
0.052317088
0.080972075
0.079661285
0.06378549
0.042461187
0.052981729
0.083281239
0.073222344
0.086569027
0.070137972
0.075936264
0.064228038
0.063155951
0.067761542
0.021560145
0.036667056
0.024885781
0.051546605
0.053480737
0.059896153
0.083846839
0.042068883
0.057735431
0.055161015
0.060984694
0.043988179
0.039772267
0.046431439
0.08045385
0.087752611
0.091813686
0.077841281
0.035996872
0.059894498
0.086448317
0.059464299
0.048435139
0.084504943
0.032983413
0.076449459
0.056328257
0.069342445
0.030728072
0.026391421
0.057073892
0.029796473
0.052465191
0.05734622
0.016004926
0.019515504
0.071395187
0.066186234
0.060987175
0.084185602
0.038097837
0.07391936
0.057684138
0.048960124
0.060309893
0.08469274
0.113682864
0.052522672
0.065897298
0.043675117
0.045462771
0.091121983
0.061047755
0.06812169
0.058271999
0.070295771
0.054761067
0.097003581
0.055221915
0.04884768
0.080020857
0.061453452
0.074975108
0.018443906
0.052104148
0.076250205
0.037476561
0.089343325
0.032843511
0.010325571
0.050657719
0.05390251
0.072581309
0.079007819
0.044121279
0.081194695
0.067470438
0.062318761
0.038772454
0.071282081
0.08031316
0.075697324
0.069493943
0.09589304
0.074614751
0.078324058
0.099678666
0.056226195
0.06386151
0.031049116
0.120126413
0.033919237
0.094471637
0.052254499
0.086272149
0.030846732
0.063159514
0.082533774
0.066343003
0.061931366
0.05584809
0.084851884
0.076355777
0.04768647
0.057955859
0.059193458
0.060862708
0.058097817
0.056699641
0.08314928
0.069332693
0.074029324
0.087134928
0.057758993
0.070831763
0.079755706
0.064577892
0.057739206
0.0673359
0.061954323
0.05917549
0.103769333
0.075964799
0.037814272
0.043773895
0.06616182
0.041024998
0.075041548
0.053456847
0.080977862
0.071608394
0.069964417
0.048087657
0.024940218
0.038059384
0.045245139
0.08074696
0.049518897
0.082494786
0.060608798
0.061728411
0.03866555
0.098780668
0.078984956
0.034806899
0.068192082
0.023400489
0.074398263
0.069463619
0.069389667
0.030425695
0.045137513
0.082836888
0.057872478
0.048638782
0.107291165
0.015228631
0.086631992
0.084539807
0.012476007
0.050500457
0.031295918
0.040826762
0.077675747
0.075796633
0.062673023
0.058309632
0.06856293
0.070904357
0.0564134
0.092133999
0.052785682
0.064103937
0.078569158
0.070952852
0.012984432
0.090931294
0.058743165
0.046269698
0.06760848
0.046147657
0.070342408
0.064906505
0.049394101
0.101788402
0.032246399
0.028574711
0.061933451
0.078480543
0.02312816
0.050756472
0.104810778
0.075174451
0.09669954
0.053328854
0.052518597
0.03615099
0.04490304
0.03019666
0.067216666
0.07869181
0.030513228
0.085387652
0.06856143
0.041712213
0.044384988
0.092725068
0.05914366
0.050804136
0.083434338
0.070144912
0.072702954
0.051297954
0.045971169
0.098845615
0.084414583
0.021114979
0.05822141
0.075783462
0.057040993
0.053534298
0.096482593
0.074224455
0.065769066
0.082281693
0.075162369
0.036520792
0.084446964
0.053459656
0.066796655
0.060656331
0.047394645
0.045397176
0.05881318
0.035033258
0.07716685
0.065207557
0.063449541
0.078767549
0.032527625
0.0265515
0.059355913
0.099285552
0.045530816
0.049527401
0.034860151
0.063968089
0.085778123
0.045261121
0.092241253
0.080450715
0.058762405
0.071352801
0.033341827
0.085284381
0.069828862
0.035236276
0.066939573
0.023496206
0.07480797
0.060203228
0.088346826
0.061317433
0.076338802
0.057450169
0.044012304
0.064769834
0.058208213
0.063395574
0.057039833
0.048054855
0.052791333
0.047238084
0.031356174
0.060355722
0.04501225
0.09582391
0.111078322
0.049496518
0.069389902
0.047695355
0.038678879
0.029248064
0.007570058
0.047766391
0.089567075
0.076513097
0.091360265
0.076584789
0.076504394
0.06665738
0.047799872
0.068323946
0.06061417
0.056823566
0.067497596
0.077140442
0.073570663
0.063144069
0.043881002
0.053754537
0.08636486
0.087849309
0.062383292
0.086597623
0.049988431
0.087792316
0.0804887
0.055700399
0.052765559
0.075706168
0.065225182
0.097593745
0.086704111
0.067567999
0.040622208
0.026677879
0.072870395
0.074160299
0.055512401
0.042362547
0.084949582
0.061138379
0.068912199
0.053157151
0.069158591
0.045423455
0.055492529
0.058780258
0.072670804
0.043674498
0.030211009
0.066144343
0.104357146
0.080758589
0.097045478
0.041035221
0.012582075
0.051057337
0.06078606
0.088895831
0.087956741
0.07242009
0.012938548
0.061848429
0.069414686
0.056631612
0.101849854
0.062164846
0.047009009
0.083075409
0.051970892
0.063886759
0.062645787
0.047264228
0.063548681
0.029241686
0.04682178
0.025370545
0.062935069
0.068130441
0.048826284
0.054561899
0.062372545
0.047006509
0.058210446
0.06777294
0.058547744
0.084305386
0.062146774
0.084237617
0.05530844
0.083931442
0.067708642
0.088598003
0.054798886
0.018933041
0.053663844
0.054581063
0.092031639
0.059418766
0.066791193
0.089524446
0.048226207
0.051173341
0.045601003
0.030995109
0.056489409
0.082027803
0.01899735
0.04136463
0.077448771
0.087712826
0.070319523
0.051183859
0.050197114
0.05737717
0.047760072
0.04889902
0.070294494
0.034002229
0.035336528
0.043822906
0.082751911
0.024277969
